Time period 1
Volume	Supply	Demand	Supply linear	Demand linear
0.00	27.30
71.00	27.30		27.30
0.00		103.80
1.00		103.80		103.80
71.00	31.20
190.00	31.20		31.20
1.00		76.40
22.00		76.40		76.40
190.00	32.00
1390.00	32.00		32.00
22.00		68.80
244.00		68.80		68.80
1390.00	34.70
1428.00	34.70		34.70
244.00		62.50
247.00		62.50		62.50
1428.00	38.60
1441.00	38.60		38.60
247.00		60.20
268.00		60.20		60.20
1441.00	41.90
1517.00	41.90		41.90
268.00		59.70
447.00		59.70		59.70
1517.00	42.70
1578.00	42.70		42.70
447.00		58.30
460.00		58.30		58.30
1578.00	44.90
1679.00	44.90		44.90
460.00		56.90
462.00		56.90		56.90
1679.00	46.00
1882.00	46.00		46.00
462.00		56.30
576.00		56.30		56.30
1882.00	47.70
2160.00	47.70		47.70
576.00		56.20
594.00		56.20		56.20
2160.00	48.70
2298.00	48.70		48.70
594.00		53.70
841.00		53.70		53.70
2298.00	50.10
2396.00	50.10		50.10
841.00		52.20
842.00		52.20		52.20
2396.00	60.80
2404.00	60.80		60.80
842.00		50.90
873.00		50.90		50.90
2404.00	64.40
2460.00	64.40		64.40
873.00		43.70
946.00		43.70		43.70
2460.00	67.50
2468.00	67.50		67.50
946.00		42.70
1161.00		42.70		42.70
2468.00	68.60
2503.00	68.60		68.60
1161.00		42.10
1163.00		42.10		42.10
2503.00	70.90
2557.00	70.90		70.90
1163.00		39.50
1277.00		39.50		39.50
2557.00	73.40
2621.00	73.40		73.40
1277.00		34.10
1279.00		34.10		34.10
2621.00	74.70
2647.00	74.70		74.70
1279.00		28.50
1607.00		28.50		28.50
2647.00	75.70
2680.00	75.70		75.70
1607.00		27.50
1627.00		27.50		27.50
2680.00	79.10
2779.00	79.10		79.10

Time period 2
Volume	Supply	Demand	Supply linear	Demand linear
0.00	27.30
61.00	27.30		27.30
0.00		94.70
873.00		94.70		94.70
61.00	33.30
70.00	33.30		33.30
873.00		93.40
874.00		93.40		93.40
70.00	34.90
147.00	34.90		34.90
874.00		87.20
1086.00		87.20		87.20
147.00	37.60
184.00	37.60		37.60
1086.00		80.20
1358.00		80.20		80.20
184.00	39.50
295.00	39.50		39.50
1358.00		63.70
1392.00		63.70		63.70
295.00	43.60
360.00	43.60		43.60
1392.00		61.30
1395.00		61.30		61.30
360.00	44.70
590.00	44.70		44.70
1395.00		54.80
1428.00		54.80		54.80
590.00	47.00
1790.00	47.00		47.00
1428.00		54.20
1441.00		54.20		54.20
1790.00	48.50
1908.00	48.50		48.50
1441.00		53.60
1511.00		53.60		53.60
1908.00	49.60
2090.00	49.60		49.60
1511.00		53.10
1543.00		53.10		53.10
2090.00	56.90
2126.00	56.90		56.90
1543.00		52.10
1576.00		52.10		52.10
2126.00	59.10
2196.00	59.10		59.10
1576.00		50.80
1696.00		50.80		50.80
2196.00	60.30
2260.00	60.30		60.30
1696.00		49.30
1707.00		49.30		49.30
2260.00	60.90
2369.00	60.90		60.90
1707.00		47.50
1839.00		47.50		47.50
2369.00	61.30
2378.00	61.30		61.30
1839.00		43.20
2071.00		43.20		43.20
2378.00	65.10
2407.00	65.10		65.10
2071.00		38.40
2233.00		38.40		38.40
2407.00	67.30
2505.00	67.30		67.30
2233.00		37.10
2253.00		37.10		37.10
2505.00	68.40
2571.00	68.40		68.40
2253.00		29.60
2277.00		29.60		29.60
2571.00	69.30
2579.00	69.30		69.30
2277.00		28.70
2439.00		28.70		28.70
2579.00	72.30
2592.00	72.30		72.30
2439.00		27.50
2456.00		27.50		27.50
2592.00	76.70
3051.00	76.70		76.70

Time period 3
Volume	Supply	Demand	Supply linear	Demand linear
0.00	27.30
32.00	27.30		27.30
0.00		110.40
846.00		110.40		110.40
32.00	32.80
93.00	32.80		32.80
846.00		90.70
1095.00		90.70		90.70
93.00	40.70
116.00	40.70		40.70
1095.00		83.60
1096.00		83.60		83.60
116.00	40.80
153.00	40.80		40.80
1096.00		74.50
1268.00		74.50		74.50
153.00	42.30
160.00	42.30		42.30
1268.00		61.60
1271.00		61.60		61.60
160.00	46.60
194.00	46.60		46.60
1271.00		59.90
1341.00		59.90		59.90
194.00	52.90
262.00	52.90		52.90
1341.00		58.90
1716.00		58.90		58.90
262.00	54.00
1462.00	54.00		54.00
1716.00		58.00
1748.00		58.00		58.00
1462.00	54.30
1471.00	54.30		54.30
1748.00		54.20
1764.00		54.20		54.20
1471.00	55.00
2291.00	55.00		55.00
1764.00		52.30
1784.00		52.30		52.30
2291.00	59.60
2302.00	59.60		59.60
1784.00		50.40
1801.00		50.40		50.40
2302.00	62.90
2411.00	62.90		62.90
1801.00		49.10
1917.00		49.10		49.10
2411.00	64.10
2423.00	64.10		64.10
1917.00		48.40
2045.00		48.40		48.40
2423.00	65.30
2544.00	65.30		65.30
2045.00		47.80
2196.00		47.80		47.80
2544.00	66.40
2607.00	66.40		66.40
2196.00		45.70
2312.00		45.70		45.70
2607.00	67.90
2769.00	67.90		67.90
2312.00		44.60
2335.00		44.60		44.60
2769.00	68.90
2844.00	68.90		68.90
2335.00		42.90
2347.00		42.90		42.90
2844.00	71.70
3050.00	71.70		71.70
2347.00		38.20
2511.00		38.20		38.20
3050.00	74.40
3113.00	74.40		74.40
2511.00		28.60
2647.00		28.60		28.60
3113.00	75.60
3186.00	75.60		75.60
2647.00		27.60
2679.00		27.60		27.60
3186.00	78.50
3195.00	78.50		78.50

Time period 4
Volume	Supply	Demand	Supply linear	Demand linear
0.00	27.30
24.00	27.30		27.30
0.00		90.40
1.00		90.40		90.40
24.00	33.80
30.00	33.80		33.80
1.00		79.90
816.00		79.90		79.90
30.00	36.30
908.00	36.30		36.30
816.00		78.20
1065.00		78.20		78.20
908.00	36.50
972.00	36.50		36.50
1065.00		77.50
1255.00		77.50		77.50
972.00	39.00
2172.00	39.00		39.00
1255.00		62.40
1276.00		62.40		62.40
2172.00	40.70
2211.00	40.70		40.70
1276.00		61.30
1298.00		61.30		61.30
2211.00	43.00
2223.00	43.00		43.00
1298.00		57.60
1420.00		57.60		57.60
2223.00	53.00
2345.00	53.00		53.00
1420.00		56.70
1446.00		56.70		56.70
2345.00	58.40
2351.00	58.40		58.40
1446.00		56.20
1479.00		56.20		56.20
2351.00	60.40
2359.00	60.40		60.40
1479.00		55.10
1490.00		55.10		55.10
2359.00	61.50
2429.00	61.50		61.50
1490.00		54.60
1624.00		54.60		54.60
2429.00	62.90
2508.00	62.90		62.90
1624.00		54.50
1698.00		54.50		54.50
2508.00	63.70
2517.00	63.70		63.70
1698.00		52.00
1735.00		52.00		52.00
2517.00	66.10
2672.00	66.10		66.10
1735.00		50.40
1753.00		50.40		50.40
2672.00	67.30
2702.00	67.30		67.30
1753.00		47.60
1904.00		47.60		47.60
2702.00	68.70
2859.00	68.70		68.70
1904.00		45.30
2069.00		45.30		45.30
2859.00	69.40
2922.00	69.40		69.40
2069.00		42.70
2183.00		42.70		42.70
2922.00	71.40
2928.00	71.40		71.40
2183.00		39.50
2186.00		39.50		39.50
2928.00	72.20
3030.00	72.20		72.20
2186.00		30.50
2202.00		30.50		30.50
3030.00	72.50
3295.00	72.50		72.50
2202.00		27.70
2232.00		27.70		27.70
3295.00	77.00
3358.00	77.00		77.00

Time period 5
Volume	Supply	Demand	Supply linear	Demand linear
0.00	27.30
38.00	27.30		27.30
0.00		97.90
721.00		97.90		97.90
38.00	28.20
96.00	28.20		28.20
721.00		86.00
722.00		86.00		86.00
96.00	31.60
248.00	31.60		31.60
722.00		80.50
1067.00		80.50		80.50
248.00	33.80
283.00	33.80		33.80
1067.00		71.70
1255.00		71.70		71.70
283.00	35.90
349.00	35.90		35.90
1255.00		69.70
1498.00		69.70		69.70
349.00	39.00
407.00	39.00		39.00
1498.00		61.20
1526.00		61.20		61.20
407.00	43.30
506.00	43.30		43.30
1526.00		59.40
1538.00		59.40		59.40
506.00	49.50
603.00	49.50		49.50
1538.00		58.30
1557.00		58.30		58.30
603.00	53.00
1803.00	53.00		53.00
1557.00		57.20
1585.00		57.20		57.20
1803.00	58.90
1830.00	58.90		58.90
1585.00		54.90
1766.00		54.90		54.90
1830.00	60.20
1989.00	60.20		60.20
1766.00		53.30
1798.00		53.30		53.30
1989.00	62.10
2033.00	62.10		62.10
1798.00		52.50
1829.00		52.50		52.50
2033.00	63.70
2707.00	63.70		63.70
1829.00		49.60
2033.00		49.60		49.60
2707.00	64.70
2758.00	64.70		64.70
2033.00		48.00
2200.00		48.00		48.00
2758.00	66.90
2836.00	66.90		66.90
2200.00		47.40
2268.00		47.40		47.40
2836.00	68.90
2864.00	68.90		68.90
2268.00		39.10
2308.00		39.10		39.10
2864.00	72.30
2930.00	72.30		72.30
2308.00		38.90
2550.00		38.90		38.90
2930.00	76.00
3080.00	76.00		76.00
2550.00		34.70
2553.00		34.70		34.70
3080.00	78.90
3232.00	78.90		78.90
2553.00		31.30
2570.00		31.30		31.30
3232.00	85.90
3272.00	85.90		85.90
2570.00		27.50
2690.00		27.50		27.50
3272.00	86.70
3313.00	86.70		86.70

